
function [y0, t] = LoadInitialConditions1()
t = 0;
% Steady State with IR and EL=-43 and gL=0.05. 
 y0=[
 -6.165671106176441e+01;
 1.277236125734123e-02;
 3.429830012296679e-01;
 2.642252518522899e-02;
 4.514268765351059e-01;
 6.157878435363050e-02;
 2.170679363371657e-01;
 6.157878220370643e-02;
 1.113929524548006e-01;
 1.027134762959492e-02;
 0.0;
 0.0;
 0.0;
 5.007132151536936e-05;
 0.0;
 0.0;
 0.0;
];

